YEAR
SHIP
AIR
TOTAL
SHIP
AIR
TOTAL
1990
4686
19314
24000
4625
19602
24227
1991
4686
19314
24000
4528
18790
23318
1992
4776
19224
24000
4723
19494
24217
1993
4680
19320
24000
4562
20643
25205
1994
4680
20320
25000
4650
21035
25685
1995
CLOSED
26000 + 5000
31000
CLOSED
30503
30503
1996
50000
50000
50346
50346
1997
56000
56000
53770
53770
1998
56000 + 10000
66000
63592
63592
1999
66000
66000
62100
62100
2000
66000 + 6000
72000
71909
71909
2001
72000
72000
71133
71133
2002
72000
72000
70276
70276
2003
72000
72000
69795
69795
2004
72000
72000
71711
71711
2005
72000 + 10000
82000
80772
80772
2006 - I
82000 + 18000
100000
99660
99660
2006 - II
100000 + 10000
110000
108816
108816
2007
110000
110000
110415
110415
2008
110000 + 13211
123211
121787
121787
2009
115000 + 5500
120500
120127
120127
2010
115000 + 10000 + 850
125850
126018
126018
2011
115000 + 10000
125000
124901
124901
2012
125000 + 110
125110
125064
125064
2013
121420
121420
121338
121338
2014
100020
100020
99914
99914
2015
100020
100020
99868
99868
2016
100020
100020
99902
99902
2017
125025
125025
124852
124852
2018
128702
128702
128577+113
128690
2019
125025+14975
140000
139871+116
139987
